0
0
1
1
0
0
0
0
0
0
1
0
0
0
1
0
0
1
0
0
1
0
0
0
0
0
0
0
0
1
0
0
1
1
0
0
0
0
0
1
1
0
0
1
0
0
0
0
0
0
0
1
0
0
0
0
0
0
0
0
32
49
44
51
50
54
54
48
43
55
53
57
41
48
53
52
52
44
49
113
58
68
48
56
52
52
46
50
44
52
62
61
39
49
37
53
54
52
30
51
48
52
35
46
47
47
37
36
30
30
31
37
34
31
36
38
38
51
32
16
18
21
47
25
21
23
51
35
28
32
39
16
27
27
37
28
26
32
38
40
38
39
43
54
47
31
47
47
47
53
48
50
47
55
56
61
52
54
55
56
51
52
63
37
36
43
38
42
44
50
54
43
50
56
58
66
57
55
64
65
67
62
52
68
70
70
67
61
60
74
61
69
78
67
70
70
56
61
60
60
61
61
54
54
54
55
52
49
35
57
53
43
51
50
49
59
55
53
38
50
45
44
36
43
41
42
44
41
33
36
30
21
27
24
20
22
16
16
9
9
6
5
4
8
8
13
11
10
14
17
23
21
29
30
33
30
37
39
50
46
45
49
58
54
59
68
4
3
3
5
12
8
17
17
28
32
37
33
44
44
52
42
53
58
72
67
66
69
79
82
85
74
76
79
89
89
79
79
82
84
89
77
79
85
84
86
72
75
76
80
76
76
68
75
76
75
64
66
63
71
67
65
61
66
63
61
60
56
51
54
61
47
38
56
46
55
39
44
44
37
38
37
16
33
21
29
14
17
7
21
3
10
4
9
5
6
2
10
4
9
15
11
22
21
30
29
38
42
65
41
37
39
43
38
30
36
33
22
9
20
20
22
21
24
27
35
30
37
44
49
49
57
57
67
72
72
71
81
86
96
96
92
92
91
101
98
96
99
107
112
104
115
110
105
112
110
98
100
108
109
104
89
0
1
0
2
0
0
1
0
0
0
0
0
0
0
0
0
0
0
0
0
1
0
0
1
0
0
0
0
